1101 0.5467073170731707 1.9763872491145218
1102 0.8180722891566266 2.3418013856812934
1103 0.6778523489932886 1.425092250922509
1104 0.8061224489795918 2.2738853503184715
1108 0.6365503080082136 1.5578446909667196
1109 0.7674418604651163 1.2568093385214008
1110 0.7429864253393664 1.3518299881936244
1201 0.6934812760055479 1.6598173515981738
1203 0.606951871657754 1.8855999999999997
1210 0.8285714285714286 3.2902338376891334
1213 0.6083916083916083 2.4347826086956514
1215 0.6246498599439776 1.6846153846153844
1216 0.8102108768035516 2.517933130699088
1217 0.6375442739079102 1.6390243902439026
1218 0.6008869179600888 1.8636363636363635
1219 0.625741935483871 1.542483660130719
1220 0.5715871254162043 1.3976164680390033
1225 0.37114427860696514 1.806981519507187
1227 0.847036328871893 3.2610526315789468
1229 0.7088607594936709 2.4724705882352938
1231 0.8421875 1.8556626506024099
1232 0.6343825665859565 1.307032590051458
1233 0.8377028714107365 1.3206106870229009
1235 0.7121896162528217 3.4644607843137254
1236 0.759124087591241 1.8623655913978494
1301 0.75250501002004 1.934188034188034
1303 0.7513736263736265 1.623943661971831
1305 0.5845454545454545 1.665594855305466
1307 0.7230443974630022 2.647349177330896
1308 0.7510548523206751 3.5075187969924806
1309 0.6845360824742268 2.4010344827586207
1310 0.6344827586206897 1.6861952861952862
1312 0.5960264900662252 1.5760869565217392
1313 0.6752173913043479 2.1271317829457366
1314 0.557037037037037 2.0457317073170733
1315 0.7053140096618358 1.5033557046979864
1316 0.5551724137931034 2.154205607476636
1319 0.6859592711682744 1.8944356120826709
1321 0.5338983050847457 1.6974789915966386
1323 0.800807537012113 2.5924453280318094
1324 0.49112426035502954 3.512585812356979
1326 0.7299270072992701 1.7024390243902439
1402 0.7190897597977244 1.7191679049034176
1409 0.6386554621848739 1.7117988394584138
1410 0.5226130653266332 1.7019230769230769
1413 0.6517857142857143 2.2583333333333333
1414 0.696923076923077 1.743620899149453
1416 0.535 1.6157205240174672
1417 0.6353741496598639 1.5504132231404961
1418 0.6836158192090395 2.192771084337349
1419 0.6416539050535988 2.070381231671554
1423 0.8863346104725416 1.5929648241206031
1434 0.7846410684474123 1.2908554572271387
1435 0.5 1.9672619047619049
1436 0.8086021505376343 3.6219931271477663
1437 0.5240997229916897 1.7962760131434827
1438 0.7411764705882353 1.4425925925925924
1439 0.7632241813602014 1.5153846153846153
1440 0.6448132780082987 1.5848484848484847
1441 0.6499429874572407 2.5627777777777774
1442 0.577639751552795 1.8581560283687943
1443 0.5477941176470588 1.5952380952380953
1444 0.6318181818181818 1.7524590163934426
1445 0.7014681892332789 1.6584070796460175
1446 0.6065789473684211 1.550561797752809
1447 0.6367305751765893 2.219409282700422
1449 0.5591836734693878 3.4274193548387095
1451 0.6402439024390244 1.482608695652174
1452 0.8003412969283276 1.799212598425197
1453 0.6695906432748538 2.041791044776119
1454 0.8396793587174349 1.3860830527497194
1455 0.745 1.5665938864628821
1456 0.5046728971962617 2.588235294117647
1457 0.6951219512195123 1.6567460317460316
1459 0.6483050847457626 1.8221202854230376
1460 0.6181619256017505 1.8584070796460175
1463 0.6196721311475409 1.8859649122807016
1464 0.6372360844529751 1.9258202567760343
1465 0.7801932367149758 2.1305263157894734
1466 0.5954465849387041 2.7601156069364166
1468 0.7777777777777777 1.6243386243386244
1471 0.5606060606060606 2.666666666666667
1474 0.6964809384164222 2.002487562189055
1475 0.44 2.97427652733119
1476 0.5967741935483871 2.482168674698795
1503 0.8540410132689987 1.2275132275132277
1504 0.7029411764705882 1.4022556390977445
1506 0.6533333333333334 1.6432748538011694
1507 0.6737588652482269 1.5171102661596958
1513 0.6238095238095238 1.6184486373165619
1514 0.6201232032854208 2.1619718309859155
1516 0.7802816901408451 3.072911392405063
1517 0.65546875 1.441860465116279
1519 0.7499999999999999 2.3559322033898304
1521 0.7435897435897436 1.8265682656826567
1522 0.6518046709129511 1.984924623115578
1524 0.73006993006993 1.9084548104956267
1525 0.7286476868327403 2.719646799116998
1526 0.6106983655274889 2.199453551912568
1527 0.782520325203252 1.3304221251819506
1530 0.747163695299838 2.3931538461538464
1533 0.6057818659658345 2.165644171779141
1535 0.7205128205128205 1.3200636942675161
1536 0.49756097560975604 2.386043046357616
1539 0.6791979949874687 1.8969555035128804
1560 0.7431059506531205 1.3276492082825824
1570 0.7560606060606061 2.228924418604651
1584 0.6914285714285714 1.3911290322580645
1604 0.6003134796238244 1.7
1605 0.6805555555555556 1.6761904761904762
1608 0.6747230614300102 1.3993871297242084
1609 0.7228070175438597 2.512562814070352
1611 0.7826086956521738 1.6101083032490975
1612 0.6363636363636364 1.47244094488189
1614 0.6674157303370787 1.4542483660130718
1615 0.868 1.8974358974358976
1618 0.6962616822429907 2.2222222222222223
1701 0.6767441860465117 1.4804469273743017
1702 0.5593023255813954 2.216417910447761
1707 0.7192307692307692 1.7285714285714284
1708 0.6136783733826248 2.176125244618395
1710 0.6785714285714286 1.9192200557103067
1711 0.6530201342281879 1.900966183574879
1713 0.9252077562326869 1.3027210884353742
1717 0.711864406779661 2.090909090909091
1718 0.4948453608247423 1.802403846153846
1721 0.579 2.132921174652241
1723 0.7616326530612245 1.8954802259887005
1724 0.7477777777777779 2.063380281690141
1725 0.8558558558558559 2.652777777777778
1726 0.8120481927710844 1.316425120772947
1727 0.7225531914893617 2.1507936507936507
1731 0.7826086956521738 1.569078947368421
1732 0.717948717948718 2.463203463203463
1733 0.7477954144620811 2.3134328358208953
1734 0.7630331753554502 2.012012012012012
1737 0.788235294117647 1.5144927536231882
1742 0.5327313769751694 1.7821100917431192
1777 0.8209806157354618 1.645342312008979
1784 0.624750499001996 1.6574585635359114
1802 0.6482456140350876 2.297396825396825
1805 0.5674232309746329 2.0863309352517985
1806 0.5773722627737227 1.7631578947368423
1808 0.8714285714285713 3.0275974025974026
1809 0.6430379746835443 2.351453855878635
1810 0.6415458937198067 1.4832535885167466
1815 0.5820610687022901 1.8137254901960786
1903 0.6053811659192825 3.2753036437246967
1904 0.7581300813008129 1.4752186588921286
1905 0.5862068965517241 1.626865671641791
1906 0.6426282051282051 1.85
1907 0.8225108225108224 1.7122093023255813
1909 0.673758865248227 1.5993883792048926
2002 0.7356687898089173 1.634375
2006 0.5422018348623854 1.5454545454545454
2008 0.6243496357960459 1.530612244897959
2009 0.6590198123044839 2.937219730941704
2010 0.8522167487684729 1.8797814207650272
2012 0.6982758620689655 1.7915057915057915
2014 0.6225352112676056 1.6881028938906752
2017 0.539344262295082 1.6930379746835442
2020 0.6613756613756614 2.377232142857143
2022 0.5552511415525114 3.3
2023 0.8079999999999999 1.6053846153846154
2024 0.6417112299465241 2.648809523809524
2027 0.6157556270096464 3.32967032967033
2028 0.5071633237822349 2.4796747967479673
2029 0.7448979591836734 1.3623978201634876
2030 0.6897163120567376 3.142509135200975
2031 0.5733286908077996 1.5539906103286385
2035 0.7345505617977527 1.453061224489796
2038 0.6925207756232687 2.1616161616161613
2059 0.6821705426356589 3.598086124401914
2063 0.7815533980582524 2.20211161387632
2101 0.5847457627118644 4.9212845528455285
2102 0.7127429805615552 2.500333333333333
2103 0.6037344398340249 1.8417462482946794
2105 0.6653160453808751 3.706870229007633
2106 0.5849056603773586 2.3667692307692305
2107 0.7072072072072072 1.5461847389558234
2201 0.6635551948051948 2.0435729847494555
2204 0.5663265306122448 1.5862068965517242
2207 0.718887262079063 1.6357388316151202
2208 0.6381909547738693 2.2296918767507
2301 0.6245583038869258 1.6020175438596491
2302 0.6426735218508998 1.987788331071913
2303 0.6965944272445821 1.8843043478260872
2305 0.6080691642651296 1.8770949720670393
2308 0.7364928909952607 1.8675496688741722
2313 0.6505847953216375 2.0147058823529416
2314 0.4653333333333334 2.836734693877551
2316 0.6563467492260062 1.9027484143763214
2317 0.5732142857142858 3.3226857887874837
2321 0.5 3.033333333333333
2323 0.6708074534161491 1.978021978021978
2324 0.6708074534161491 1.531801125703565
2327 0.6281464530892449 2.312925170068027
2328 0.625 2.40650406504065
2329 0.5521091811414391 2.4038461538461537
2330 0.8353474320241692 1.3913738019169328
2337 0.6023890784982935 2.8922155688622753
2340 0.5766798418972332 1.6108597285067874
2347 0.6931702344546382 2.735887096774193
2349 0.5955056179775281 2.707948243992606
2354 0.6818181818181818 2.871153846153846
2357 0.5925925925925926 4.368896925858952
2360 0.5439056356487549 2.1418181818181816
2363 0.6282051282051282 2.3112653061224484
2368 0.6988950276243093 1.6445859872611464
2369 0.740484429065744 1.5602094240837694
2371 0.5591836734693877 1.9703703703703705
2375 0.5752369668246444 2.1913875598086126
2377 0.72936660268714 2.173061224489796
2379 0.5982986767485822 1.8470588235294119
2383 0.5577777777777777 2.1490636704119854
2388 0.5093457943925234 3.9103773584905666
2401 0.6354243542435424 1.9144654088050312
2413 0.572594752186589 1.9444444444444444
2414 0.7243243243243244 1.6714876033057853
2419 0.6 2.532360515021459
2424 0.6203931203931203 1.8309859154929577
2426 0.6160771704180064 2.0728212290502794
2427 0.7833935018050542 1.7095435684647302
2429 0.5794871794871795 5.670454545454545
2433 0.7833935018050542 1.5865384615384615
2434 0.6127659574468084 4.459234608985025
2439 0.5566265060240965 2.2032454361054765
2441 0.8521825396825398 1.2758007117437722
2443 0.5527272727272727 2.8264150943396227
2444 0.4897314375987362 2.1549132947976877
2449 0.676056338028169 2.157227036395147
2450 0.7307751937984496 1.7531305903398926
2453 0.711764705882353 1.3911525029103609
2455 0.6652542372881356 1.7773019271948607
2462 0.702127659574468 2.572951096121416
2464 0.7516059957173448 1.6253418803418804
2465 0.5256916996047432 2.4870466321243523
2466 0.7691629955947137 1.8191214470284238
2471 0.6562499999999999 1.9840425531914891
2474 0.5978835978835979 6.168661202185793
2480 0.8367346938775511 1.7243243243243243
2485 0.6367999999999999 3.6123595505617976
2489 0.6131455399061033 2.4541666666666666
2496 0.7765363128491621 6.319999999999999
2498 0.5161290322580645 4.5466417910447765
2501 0.5474926253687316 1.7880794701986755
2504 0.6787330316742081 1.587651598676957
2509 0.5732265446224256 2.5012232415902136
2514 0.5753424657534246 2.234808259587021
2524 0.9055555555555556 1.828793774319066
2527 0.5551470588235294 3.518518518518518
2535 0.6155844155844156 1.6462093862815885
2542 0.702991452991453 4.395209580838324
2543 0.5959183673469388 2.011213389121339
2545 0.6044538706256628 3.2552083333333335
2546 0.6593886462882096 1.8571428571428572
2601 0.6523994811932555 2.2820512820512815
2603 0.6639004149377593 2.5678233438485805
2605 0.6646884272997031 3.0808823529411766
2606 0.66875 2.352642276422764
2607 0.7081967213114755 2.0132013201320134
2608 0.7755102040816327 1.7083743842364532
2609 0.6000000000000001 3.0154639175257736
2610 0.5159090909090909 1.768742857142857
2612 0.7226890756302521 4.274061990212072
2613 0.6018957345971563 2.0638297872340425
2614 0.6354481369587109 2.8912213740458013
2615 0.6347150259067357 2.489411764705882
2616 0.9096209912536444 1.5455840455840455
2617 0.7361111111111112 2.149295774647887
2618 0.6091954022988506 1.5237288135593219
2701 0.8239700374531835 1.5585877862595423
2702 0.4838709677419355 1.9037037037037037
2704 0.7674169346195069 1.6257861635220126
2706 0.7731629392971245 1.736164383561644
2718 0.7613636363636364 1.3636363636363635
2722 0.6994949494949495 1.7767857142857146
2809 0.7257383966244726 1.356807511737089
2812 0.6809338521400778 1.6578801843317976
2816 0.7744360902255639 1.9660356347438752
2823 0.658203125 2.163912310286678
2832 0.7095406360424027 2.29037037037037
2834 0.769047619047619 1.6801275239107332
2836 0.775 1.6123863636363638
2838 0.6625194401244168 1.9561818181818182
2841 0.621380846325167 1.8145312500000002
2845 0.6156156156156156 1.8315533980582526
2849 0.760655737704918 1.4246947082767978
2850 0.8627935723114956 1.1907042253521127
2851 0.8614609571788413 1.3504784688995215
2852 0.8831615120274914 1.2157676348547717
2880 0.8023715415019763 2.5832727272727274
2881 0.7758064516129033 1.6530470914127424
2882 0.7804878048780487 1.7464058679706604
2884 0.7446060606060606 2.1092896174863385
2885 0.7456140350877193 1.4954773869346734
2886 0.65 1.5190184049079751
2887 0.4918918918918919 2.3520000000000003
2888 0.4698795180722891 1.737463768115942
2889 0.6938775510204082 1.6450469238790404
2890 0.6722433460076047 1.7814498141263944
2891 0.7991071428571428 2.4413333333333336
2892 0.7052252252252253 1.696829971181556
2901 0.9041666666666667 1.7153996101364524
2903 0.6408730158730158 2.0769230769230766
2904 0.8548672566371681 1.4550408719346049
2905 0.5263157894736842 2.00920245398773
2906 0.79 1.3383838383838382
2908 0.8703170028818443 1.450222222222222
2910 0.6571428571428571 1.6793650793650794
2912 0.8421052631578948 2.2355291319857313
2913 0.555956678700361 1.7531645569620251
2915 0.6966292134831461 1.4512922465208749
2916 0.7192307692307692 1.9954939341421143
3003 0.6212121212121212 2.486923076923077
3004 0.599659090909091 1.636060100166945
3005 0.7151767151767151 1.9646643109540636
3015 0.7352941176470589 2.941780821917808
3016 0.6964285714285715 2.1284185493460166
3017 0.6985663082437276 3.351800554016621
3018 0.5362095531587057 2.2435897435897436
3021 0.5985915492957746 1.5102481121898599
3022 0.5595463137996219 3.003717472118959
3026 0.5808163265306123 2.7085852478839176
3027 0.6619552414605419 2.1903669724770642
3029 0.6508226691042047 1.677710843373494
3035 0.6447602131438721 1.8697368421052631
3037 0.5407554671968191 1.5793650793650795
3041 0.678646934460888 2.4627475247524755
3042 0.5173267326732673 2.097211267605634
3043 0.40944881889763785 5.215909090909091
3044 0.5340531561461793 3.0852941176470585
3045 0.8919642857142858 1.3448275862068966
3048 0.59126213592233 2.140952380952381
3049 0.47685185185185186 3.126350974930362
3050 0.671062271062271 1.7972350230414746
3051 0.32806324110671936 3.0772727272727267
3052 0.7253814147018031 1.7249070631970258
3059 0.690049751243781 2.6988619402985075
3064 0.4534591194968553 5.129641873278237
3090 0.6917989417989419 2.688888888888889
3118 0.8323943661971831 1.5896328293736501
3152 0.6716791979949874 1.7045454545454546
3169 0.7325428194993412 1.8942307692307694
3171 0.8016129032258064 1.6666666666666667
3189 0.7031963470319635 1.7692307692307692
3218 0.6442048517520215 2.7216174183514776
3228 0.6893453145057766 3.058139534883721
3229 0.5705705705705706 2.6176470588235294
3232 0.6391304347826087 4.2677824267782425
3252 0.14285714285714285 3.791666666666667
3264 0.6758508914100486 2.2442396313364057
3265 0.7474747474747475 1.3586206896551725
3266 0.7468354430379747 1.5266666666666668
3276 0.6757575757575758 1.9742489270386265
3284 0.6127167630057803 1.825757575757576
3288 0.606896551724138 2.4756097560975614
3289 0.6081424936386769 1.896119402985075
3297 0.6681514476614699 2.0197628458498023
3306 0.7349397590361446 1.4865248226950354
3339 0.6023054755043227 2.4916666666666667
3354 0.608641975308642 2.9590163934426235
3380 0.7048832271762209 2.6
3383 0.5240963855421686 3.6393442622950825
3416 0.8646616541353384 1.7588805166846067
3438 0.5612745098039216 1.5692307692307692
3450 0.7551789077212806 2.5127272727272727
3454 0.6673936750272629 1.641732283464567
3491 0.624090909090909 1.8032786885245904
3521 0.5024875621890547 1.7992565055762082
3532 0.6436974789915966 1.9402985074626866
3535 0.5584988962472407 2.3027522935779814
3541 0.6811594202898551 1.8614457831325302
3545 0.6664764621968616 2.859327217125382
3567 0.8290960451977402 1.382262996941896
3588 0.7785714285714287 2.0500736377025035
3615 0.7206349206349206 2.056896551724138
3623 0.6093023255813953 1.9756838905775076
3629 0.5888888888888889 3.7749737118822293
3686 0.4257142857142857 4.120734908136483
3701 0.3602941176470589 2.7513812154696136
3702 0.6361788617886178 2.9266666666666667
3703 0.7428571428571429 1.6046511627906976
3704 0.6138613861386139 1.5414141414141413
3706 0.6377073906485672 2.1875945537065054
3707 0.6732954545454545 1.613861386138614
4102 0.8012295081967213 1.5942028985507246
4105 0.7413793103448276 3.5356521739130438
4106 0.7547892720306513 2.0586466165413535
4107 0.6652835408022131 1.6473684210526316
4108 0.5990491283676703 2.3114754098360657
4109 0.5891089108910892 1.8991596638655464
4111 0.8145161290322581 1.4181512605042017
4113 0.7305389221556886 2.454385542168675
4114 0.6768558951965066 2.2529032258064516
4119 0.6970954356846473 2.296171875
4123 0.6625 4.3180722891566266
4126 0.8185483870967742 1.9843575418994412
4129 0.6043478260869566 1.806083650190114
4131 0.44476190476190475 1.7826086956521738
4133 0.7688243064729194 2.882882882882883
4205 0.8782122905027933 2.2901337792642145
4303 0.8165374677002584 4.558860759493672
4305 0.6178343949044586 1.2010309278350517
4306 0.7598039215686275 2.658487804878049
4401 0.5565110565110565 2.2127659574468086
4402 0.540625 2.914798206278027
4406 0.7659574468085107 1.323943661971831
4416 0.8583690987124464 1.8705547652916075
4419 0.43388429752066116 1.9945355191256828
4420 0.6482334869431645 1.614678899082569
4426 0.5883575883575883 3.2270833333333333
4429 0.8227848101265823 1.3357142857142859
4502 0.6711409395973155 4.1678321678321675
4503 0.5723140495867769 2.051509769094139
4506 0.7353383458646616 1.4123711340206186
4510 0.5932203389830508 2.222466960352423
4513 0.6011560693641619 1.7975206611570247
4523 0.5261479591836734 2.071317829457364
4526 0.6301775147928995 2.5165441176470593
4527 0.8330206378986867 1.5878048780487803
4529 0.4504504504504505 2.477551020408163
4535 0.7981981981981981 2.6213235294117645
4702 0.64 4.449838187702266
4706 0.786096256684492 1.3380566801619433
4707 0.6574923547400611 3.8227848101265822
4711 0.786144578313253 1.8098591549295775
4714 0.7453703703703703 1.7285862068965518
4716 0.6017647058823531 2.3851973684210526
4725 0.6056910569105691 1.5519125683060109
4743 0.6870342771982118 10.020120724346075
4903 0.5858490566037736 2.610830324909747
4904 0.8779472954230236 1.2682926829268293
4908 0.6724565756823823 1.603321033210332
4909 0.6021314387211367 2.2623844282238443
4911 0.6388888888888888 2.1218795888399415
4946 0.5575539568345323 2.318840579710145
5007 0.6761133603238866 2.447674418604651
5009 0.5691489361702127 1.7706666666666668
5011 0.7221476510067114 2.090666666666667
5013 0.6392405063291139 9.059633027522935
5015 0.6810551558752996 1.8149882903981263
5016 0.7614213197969544 1.7971698113207548
5102 0.7755102040816326 1.8148148148148149
5201 0.6205211726384365 2.081081081081081
5205 0.2360544217687075 6.382488479262673
5206 0.5277777777777778 4.430379746835443
5209 0.7303474903474906 1.7657894736842104
5210 0.7054187192118226 1.5149253731343284
5212 0.7973684210526316 1.7197080291970803
5213 0.7267904509283819 3.557481481481482
5301 0.48571428571428577 3.6393805309734515
5302 0.49169675090252707 2.447058823529412
5306 0.5921450151057401 2.6165501165501164
5309 0.6050420168067226 2.7546296296296298
5310 0.33333333333333337 7.534883720930233
5312 0.6465256797583082 1.947323943661972
5314 0.5175 2.402464065708419
5315 0.5360623781676414 1.7068965517241381
5321 0.5426751592356688 2.8919860627177703
5340 0.4925650557620818 2.1901140684410647
5344 0.6016949152542372 1.8417159763313609
5347 0.6270786516853933 1.570469798657718
5348 0.4916666666666667 2.9577464788732395
5353 0.6643274853801169 1.6306306306306309
5355 0.6115384615384616 2.2857142857142856
5383 0.6726726726726726 2.1798365122615806
5388 0.7344556677890012 2.475202821869488
5398 0.4166666666666667 2.068713450292398
5403 0.8022151898734178 1.8796992481203008
5410 0.4247967479674796 3.4471153846153846
5426 0.766949152542373 1.3900414937759336
5434 0.7363945578231292 3.5300884955752214
5438 0.7087155963302751 2.0153846153846153
5439 0.6982758620689655 2.1489726027397262
5450 0.6295811518324607 2.087431693989071
5455 0.37678207739307534 6.087962962962963
5457 0.6055555555555555 1.8765957446808512
5464 0.6004566210045663 2.174496644295302
5468 0.6333333333333333 3.0126582278481013
5469 0.7167235494880546 2.9823943661971835
5471 0.7029478458049886 1.5684647302904566
5474 0.6952554744525548 2.876923076923077
5483 0.6572104018912529 2.618141097424412
5489 0.763719512195122 1.910125628140704
5490 0.64 1.990776699029126
5493 0.6732673267326733 1.8166365280289334
5498 0.5541516245487365 1.625
5511 0.7689873417721519 3.635333333333333
5512 0.357396449704142 2.584507042253521
5516 0.6203904555314533 1.8312101910828025
5519 0.718232044198895 3.5046780551905394
5520 0.8197424892703863 1.2889908256880733
5521 0.6311475409836066 2.5861297539149883
5523 0.7074534161490682 1.9701818181818178
5529 0.7069090909090909 3.192537313432836
5601 0.7069090909090909 1.2238095238095237
5603 0.6241379310344828 1.7582822085889567
5604 0.9134328358208955 1.6082474226804124
5607 0.5595854922279793 2.5
5701 0.6096256684491977 2.8508771929824563
5703 0.6543624161073825 1.4611398963730569
5704 0.6063829787234043 2.016587677725118
5820 0.5496402877697841 2.5495049504950495
5880 0.8843373493975905 1.679225352112676
5902 0.5406824146981627 4.0410958904109595
5903 0.896774193548387 1.4407920792079205
5904 0.8015021459227468 1.5289719626168223
6005 0.7089285714285715 1.9008
6015 0.5861111111111111 2.8891820580474934
6016 0.6555555555555556 2.1467857142857136
6020 0.6144578313253013 1.6945054945054945
6021 0.6778846153846153 2.909022556390977
6023 0.8664921465968586 1.2733812949640289
6103 0.1456521739130435 3.9818181818181815
6104 0.6130742049469965 2.214285714285714
6108 0.7142857142857143 1.8520289855072465
6112 0.7816091954022988 1.870860927152318
6114 0.5858585858585859 2.788235294117647
6116 0.4755244755244755 2.6939203354297696
6118 0.6256157635467979 2.26027397260274
6121 0.7671497584541064 3.011464968152866
6122 0.7472222222222222 2.056980056980057
6124 0.5611285266457681 3.2140111111111107
6128 0.8358050847457628 2.0120200333889815
6129 0.5953488372093023 2.327469553450609
6138 0.6648122392211404 2.6487341772151898
6141 0.660427807486631 2.691766723842196
6142 0.6701164294954721 2.447772511848341
6146 0.7464788732394366 2.0360852713178295
6147 0.7343941248470012 1.342281879194631
6148 0.5958549222797928 1.9616519174041298
6150 0.3202797202797203 4.890560875512996
6156 0.5294117647058824 2.539855072463768
6160 0.592 1.6184834123222747
6161 0.6655737704918033 2.1430434782608696
6163 0.7146814404432132 2.3758490566037733
6168 0.6882793017456359 1.8673584905660379
6170 0.6853333333333333 2.5701219512195124
6171 0.7648351648351648 1.3821839080459772
6172 0.34782608695652173 2.1676737160120845
6176 0.6583333333333333 2.5548571428571427
6179 0.6823076923076923 2.177049180327869
6183 0.7837133550488599 1.3103448275862069
6184 0.8240252897787144 2.036727879799666
6185 0.5088495575221239 2.218208092485549
6186 0.4006968641114982 9.683333333333334
6187 0.4864406779661017 2.32012987012987
6188 0.4864406779661017 1.7531645569620253
6189 0.6780141843971632 2.874015748031496
6194 0.6813186813186812 3.7719512195121956
6203 0.6896358543417366 2.9951250000000003
6206 0.8090614886731392 3.130612244897959
6208 0.8067632850241547 1.9954728682170542
6210 0.7584905660377359 1.3539823008849556
6213 0.5857142857142857 2.412080856123662
6215 0.5767097966728282 2.822379310344828
6216 0.6819923371647509 1.6887351778656123
6224 0.7492537313432837 1.6597938144329896
6230 0.7216216216216216 2.014218009478673
6233 0.5541095890410959 2.7163333333333335
6234 0.596875 3.0775347912524853
6236 0.44378698224852076 3.94572025052192
6237 0.5649717514124294 2.8850000000000002
6239 0.793517406962785 2.1591240875912407
6240 0.2590673575129534 20.570776255707763
6243 0.5363636363636364 2.0063291139240507
6244 0.5469964664310955 7.337260579064588
6257 0.6034632034632034 2.0310942249240123
6259 0.41456166419019314 7.585365853658538
6261 0.758994974874372 1.737735849056604
6263 0.7941787941787942 2.2489795918367346
6264 0.6752577319587629 2.178010471204188
6269 0.5763688760806917 3.5213043478260873
6274 0.5678059536934951 1.9437096774193547
6281 0.9252199413489736 1.1426307448494453
6287 0.6476683937823834 2.664
6289 0.476 2.778378378378378
6291 0.4 2.7777777777777777
6505 0.7364864864864865 1.6285493827160498
6609 0.6540600667408231 1.88212927756654
8016 0.4909983633387889 2.8111650485436894
8034 0.6019607843137255 1.6676737160120847
8039 0.5593607305936074 4.431991294885745
8044 0.7191011235955056 2.6336842105263156
8050 0.770193401592719 3.0057600000000004
8066 0.6485355648535566 10.459610027855152
8070 0.17461300309597522 2.630236966824645
8071 0.6182662538699691 2.3484848484848486
8072 0.6710239651416122 1.719702602230483
8076 0.5400641025641025 5.84467860906217
8081 0.7559183673469387 1.7686592178770952
8083 0.8579881656804734 1.408839779005525
8086 0.6295572916666667 1.786237188872621
8087 0.707774798927614 1.7177522349936143
8088 0.7645833333333334 1.7173524150268338
8091 0.6473282442748092 2.3070912951167726
8092 0.7025 1.9544984488107549
8099 0.6572847682119206 1.675
8131 0.7795454545454544 1.3238341968911918
8255 0.789311408016444 2.0381944444444446
8261 0.5788712011577425 3.1624548736462095
8277 0.49701789264413515 31.72804532577904
8299 0.7237354085603113 3.1437182448036953
8354 0.6345514950166112 2.105623471882641
8410 0.6317934782608696 1.8301486199575372
8905 0.7276887871853547 1.360730593607306
8906 0.7310344827586207 2.283464566929134
8908 0.9365517241379311 2.8239795918367347
8917 0.8026845637583893 2.1624242424242426
8921 0.870748299319728 1.2159468438538206
8923 0.8749999999999999 1.477272727272727
8926 0.7877551020408163 1.6621827411167516
8929 0.7213114754098361 3.0180722891566267
8930 0.7187499999999999 2.1581661891117476
8931 0.3754464285714286 1.6470588235294117
8932 0.4332506203473946 1.8366285119667014
8933 0.5195954487989887 3.2968369829683697
8935 0.5547073791348601 2.2851153039832286
8936 0.6131147540983606 2.505766062602966
8940 0.7642553191489362 1.575
8941 0.5494505494505494 7.361623616236162
8942 0.5828571428571429 2.0635757575757574
9904 0.6543367346938774 1.698841698841699
9905 0.7882736156351792 1.368421052631579
9908 0.7294429708222812 1.4038461538461537
9910 0.6666666666666666 3.15015015015015
9911 0.6527027027027027 1.6850828729281766
9912 0.5525 1.6828478964401294
9914 0.6288951841359773 2.625
9917 0.8578856152512998 1.2882882882882882
9918 0.8934426229508197 1.665536723163842
9919 0.7095808383233533 2.3698630136986303
9921 0.6291079812206573 3.3295310519645125
9925 0.808695652173913 1.6246073298429318
9926 0.9129488574537541 1.6203208556149735
9928 0.5935779816513761 1.7803738317757012
9929 0.696113074204947 1.688135593220339
9930 0.8051689860834991 1.9250425894378194
9931 0.8405405405405406 1.760287081339713
9935 0.2685446009389671 3.2409381663113
9937 0.8781163434903047 1.1713810316139768
9939 0.7939814814814814 1.3614141414141414
9941 0.6523754345307068 1.9869565217391305
9945 0.6487603305785125 4.587084148727984
9946 0.4805914972273567 1.8865060240963853
9958 0.715071507150715 3.797169811320755
9960 0.6305732484076434 2.61859649122807
9962 0.7025641025641026 1.9989655172413792
